$ANSIBLE_VAULT;1.1;AES256
38323239326331356665326430663464373131643766663231333438643235623836393630643634
3034303439356430373438356337346139356632626432650a383834333036626436353264643934
64643162313036393133366538643639613530646562636562623632616663633838326164326466
3737613335396534390a323165323730316563636335396533396364376462383037363038313339
33663164333433633862396537646638626666636366613639313231616262656163323962643637
32313062653963396439303033306661323432663665663032386336363330643466376333343832
63383036376465326264623966363562313238326137343736396438303639383137653437633432
66646136666563316264656139323436356331643234653130653661313366303939323537336431
36373266613061366361356465343332306365386664366135623030313937353830343939646663
39626134643235383461333930316136663335636366303033353035633361316134316335303033
61646163656462373531656332633764663436306237653863343665666334326233373436663233
32376566393362323637353536643065656165363231396164303632396134323536396432646533
31393134373339373436303939346630313663633665373963373266663931343037373937646331
34393464666637386637643562636561393634393533373130366138623834303036306338333866
61356338343433653337396432386333323739383562636639303936613037626630636264303233
36663766396239653265
